      1.0144
    0.949888
    0.801848
    0.578485
    0.299768
 -0.00771098
   -0.314148
   -0.589689
   -0.807434
   -0.946108
   -0.992158
    -0.94109
   -0.797918
   -0.576678
   -0.299066
  0.00767201
    0.313368
    0.587803
    0.803424
    0.937228
    0.969827
    0.949888
    0.900855
    0.763909
    0.553161
    0.288936
 -0.00318694
   -0.294787
   -0.557421
   -0.765435
   -0.898497
   -0.943598
   -0.896336
   -0.761346
   -0.551861
   -0.288415
  0.00314792
    0.294189
    0.556043
    0.762792
    0.893896
    0.937228
    0.801848
    0.763909
     0.65004
    0.472335
    0.248446
 0.000318963
   -0.247781
   -0.471595
   -0.649232
   -0.763313
   -0.802675
   -0.763468
   -0.649531
   -0.472022
   -0.248326
-0.000357771
    0.247584
    0.471204
    0.648644
    0.762792
    0.803424
    0.578485
    0.553161
    0.472335
    0.344578
    0.182754
  0.00287061
   -0.177385
   -0.340333
   -0.470002
   -0.553686
   -0.583182
   -0.555595
   -0.473614
   -0.345255
   -0.183067
 -0.00290893
    0.177623
    0.340933
    0.471204
    0.556043
    0.587803
    0.299768
    0.288936
    0.248446
    0.182754
   0.0986308
  0.00452453
  -0.0902265
   -0.176271
   -0.245139
   -0.290058
   -0.306605
   -0.293142
   -0.250966
    -0.18418
   -0.099292
 -0.00456216
   0.0908124
    0.177623
    0.247584
    0.294189
    0.313368
 -0.00771098
 -0.00318694
 0.000318963
  0.00287061
  0.00452453
  0.00533203
  0.00535629
  0.00468847
  0.00345624
  0.00182352
-1.72942e-05
 -0.00185821
 -0.00349125
 -0.00472398
 -0.00539244
 -0.00536891
 -0.00456216
 -0.00290893
-0.000357771
  0.00314792
  0.00767201
   -0.314148
   -0.294787
   -0.247781
   -0.177385
  -0.0902265
  0.00535629
    0.100142
    0.184946
    0.251532
    0.293429
    0.306571
    0.289701
    0.244503
    0.175435
   0.0893042
 -0.00539244
   -0.099292
   -0.183067
   -0.248326
   -0.288415
   -0.299066
   -0.589689
   -0.557421
   -0.471595
   -0.340333
   -0.176271
  0.00468847
    0.184946
    0.346938
    0.474864
    0.556246
    0.583148
    0.552966
    0.468682
    0.338579
    0.175435
 -0.00472398
    -0.18418
   -0.345255
   -0.472022
   -0.551861
   -0.576678
   -0.807434
   -0.765435
   -0.649232
   -0.470002
   -0.245139
  0.00345624
    0.251532
    0.474864
    0.651634
     0.76457
    0.802641
    0.762142
    0.647059
    0.468682
    0.244503
 -0.00349125
   -0.250966
   -0.473614
   -0.649531
   -0.761346
   -0.797918
   -0.946108
   -0.898497
   -0.763313
   -0.553686
   -0.290058
  0.00182352
    0.293429
    0.556246
     0.76457
    0.898026
    0.943564
    0.896737
    0.762142
    0.552966
    0.289701
 -0.00185821
   -0.293142
   -0.555595
   -0.763468
   -0.896336
    -0.94109
   -0.992158
   -0.943598
   -0.802675
   -0.583182
   -0.306605
-1.72942e-05
    0.306571
    0.583148
    0.802641
    0.943564
    0.992122
    0.943564
    0.802641
    0.583148
    0.306571
-1.72942e-05
   -0.306605
   -0.583182
   -0.802675
   -0.943598
   -0.992158
    -0.94109
   -0.896336
   -0.763468
   -0.555595
   -0.293142
 -0.00185821
    0.289701
    0.552966
    0.762142
    0.896737
    0.943564
    0.898026
     0.76457
    0.556246
    0.293429
  0.00182352
   -0.290058
   -0.553686
   -0.763313
   -0.898497
   -0.946108
   -0.797918
   -0.761346
   -0.649531
   -0.473614
   -0.250966
 -0.00349125
    0.244503
    0.468682
    0.647059
    0.762142
    0.802641
     0.76457
    0.651634
    0.474864
    0.251532
  0.00345624
   -0.245139
   -0.470002
   -0.649232
   -0.765435
   -0.807434
   -0.576678
   -0.551861
   -0.472022
   -0.345255
    -0.18418
 -0.00472398
    0.175435
    0.338579
    0.468682
    0.552966
    0.583148
    0.556246
    0.474864
    0.346938
    0.184946
  0.00468847
   -0.176271
   -0.340333
   -0.471595
   -0.557421
   -0.589689
   -0.299066
   -0.288415
   -0.248326
   -0.183067
   -0.099292
 -0.00539244
   0.0893042
    0.175435
    0.244503
    0.289701
    0.306571
    0.293429
    0.251532
    0.184946
    0.100142
  0.00535629
  -0.0902265
   -0.177385
   -0.247781
   -0.294787
   -0.314148
  0.00767201
  0.00314792
-0.000357771
 -0.00290893
 -0.00456216
 -0.00536891
 -0.00539244
 -0.00472398
 -0.00349125
 -0.00185821
-1.72942e-05
  0.00182352
  0.00345624
  0.00468847
  0.00535629
  0.00533203
  0.00452453
  0.00287061
 0.000318963
 -0.00318694
 -0.00771098
    0.313368
    0.294189
    0.247584
    0.177623
   0.0908124
 -0.00456216
   -0.099292
    -0.18418
   -0.250966
   -0.293142
   -0.306605
   -0.290058
   -0.245139
   -0.176271
  -0.0902265
  0.00452453
   0.0986308
    0.182754
    0.248446
    0.288936
    0.299768
    0.587803
    0.556043
    0.471204
    0.340933
    0.177623
 -0.00290893
   -0.183067
   -0.345255
   -0.473614
   -0.555595
   -0.583182
   -0.553686
   -0.470002
   -0.340333
   -0.177385
  0.00287061
    0.182754
    0.344578
    0.472335
    0.553161
    0.578485
    0.803424
    0.762792
    0.648644
    0.471204
    0.247584
-0.000357771
   -0.248326
   -0.472022
   -0.649531
   -0.763468
   -0.802675
   -0.763313
   -0.649232
   -0.471595
   -0.247781
 0.000318963
    0.248446
    0.472335
     0.65004
    0.763909
    0.801848
    0.937228
    0.893896
    0.762792
    0.556043
    0.294189
  0.00314792
   -0.288415
   -0.551861
   -0.761346
   -0.896336
   -0.943598
   -0.898497
   -0.765435
   -0.557421
   -0.294787
 -0.00318694
    0.288936
    0.553161
    0.763909
    0.900855
    0.949888
    0.969827
    0.937228
    0.803424
    0.587803
    0.313368
  0.00767201
   -0.299066
   -0.576678
   -0.797918
    -0.94109
   -0.992158
   -0.946108
   -0.807434
   -0.589689
   -0.314148
 -0.00771098
    0.299768
    0.578485
    0.801848
    0.949888
      1.0144
